tree
version=v4
num_class=1
num_tree_per_iteration=1
label_index=0
max_feature_idx=34
objective=binary sigmoid:1
feature_names=f_lvl_n_stores f_lvl_avg_sales_log f_lvl_direct_ratio f_lvl_brand_age f_lvl_sales_per_area_log f_lvl_biz_age f_lvl_emp_cnt_log f_chg_store_growth f_chg_sales_growth f_chg_contract_end_rate f_chg_new_open_rate f_chg_name_change_rate f_chg_sales_per_area_growth f_trd_store_growth_mean f_trd_store_growth_std f_trd_store_growth_slope f_trd_sales_growth_mean f_trd_sales_growth_std f_trd_sales_growth_slope f_trd_sales_per_area_mean f_trd_sales_per_area_std f_trd_sales_per_area_slope f_ind_store_growth_pct f_ind_real_sales_growth_pct f_ind_contract_end_pct f_struct_direct_ratio_chg f_struct_direct_growth f_struct_open_close_gap f_struct_n_regions f_struct_n_regions_chg f_struct_region_hhi f_struct_region_hhi_chg f_struct_top_region_share f_struct_top_region_share_chg f_struct_stores_per_region
feature_infos=[12:437.21999999999935] [9.572409696010828:14.115779571804991] [0:0.76712328767123283] [3:6] [6.5613957124021072:10.788591224377626] [0:25] [0:6.0221317640269483] [-0.296875:9.14999999999994] [-0.53386082054612105:6.0258503243558001] [0:0.45454545454545453] [0:9.9400000000000546] [0:0.58991304347826212] [-0.84654202441378101:6.3202310452849266] [-0.41025641025641024:5.9756009676597941] [0:8.1802871231558729] [-9.1291182795698909:1.9999999999999991] [-0.46438041674286784:5.0473409971629444] [0.0019418936945925606:7.6401370723339443] [-7.5883691203183332:4.8559081730480331] [-0.51075211384908581:5.6094430510422217] [0.002186883209876405:8.285915923234608] [-8.8115461764634624:6.2083358966205795] [0.17164179104477612:0.99354079078122604] [0.1796875:0.99902506963788329] [0.083333333333333329:0.81081081081081086] [-0.4924812030075188:0.42895238095237193] [-0.66666666666666663:2.9149999999999636] [-0.28947368421052633:9] [2:17] [-4:8] [0.096397169749442471:0.94208064156827809] [-0.69299999999999995:0.2034567901234568] [0.16666666666666666:0.97014925373134331] [-0.56642857142857139:0.2814814814814815] [1.6666666666666667:35.975882352941184]
tree_sizes=865 876 865 875 873 878 877 881 882 879 884 879 881 878 886 886 888 891 884 890 886 887 884 886 882 879 887 890 883 884 888 882 881 883 882 891 887 887 883

Tree=0
num_leaves=7
num_cat=0
split_feature=34 24 14 7 17 1
split_gain=794.941 365.704 350.279 248.462 197.617 193.738
threshold=8.2899159663865571 0.63974541429475018 0.052723744643717547 -0.060357675111773465 0.35073341612955672 12.309736274920857
decision_type=10 2 8 2 10 8
left_child=1 2 5 -2 -5 -1
right_child=3 -3 -4 4 -6 -7
leaf_value=-2.2059383812410016 -2.1823081811226612 -2.0847182433411624 -2.1587299659712009 -2.3191059068330797 -2.1689565475153527 -2.3694255712202992
leaf_weight=12.31981146335602 23.787100911140442 55.447834014892578 127.58393120765686 52.643854975700378 8.3598425388336164 12.191643714904783
leaf_count=88 156 204 766 572 48 152
internal_value=-2.18407 -2.15245 -2.17864 -2.26274 -2.29612 -2.28526
internal_weight=292.334 207.543 152.095 84.7908 61.0037 24.5115
internal_count=1986 1210 1006 776 620 240
is_linear=0
shrinkage=1


Tree=1
num_leaves=7
num_cat=0
split_feature=34 24 17 31 19 8
split_gain=521.215 254.399 237.578 221.286 205.687 270.99
threshold=12.050000000000002 0.63663419913419916 0.16684337578047023 0.034225315594893023 0.098372350950019075 -0.16547770279749816
decision_type=10 2 8 10 10 10
left_child=1 3 -2 4 5 -1
right_child=2 -3 -4 -5 -6 -7
leaf_value=0.1675140204468023 -0.020716106451741649 0.19463179002109909 0.11212286537995014 -0.029404642155487819 0.19091347046532692 0.081611047466812234
leaf_weight=54.916135355830193 26.952921964228153 75.464033715426922 20.640028327703476 7.4615525007247916 44.927540734410286 91.321222923696041
leaf_count=265 315 253 145 83 187 700
internal_value=0.130624 0.146508 0.0380151 0.127341 0.13358 0.114789
internal_weight=321.683 274.09 47.593 198.626 191.165 146.237
internal_count=1948 1488 460 1235 1152 965
is_linear=0
shrinkage=0.03


Tree=2
num_leaves=7
num_cat=0
split_feature=34 24 34 8 1 19
split_gain=484.203 176.068 177.7 221.09 173.813 222.161
threshold=12.93933823529412 0.63773490710694303 3.3923076923076927 0.18997186709226591 11.900002514886248 -0.11915346882409063
decision_type=10 2 8 8 10 8
left_child=1 2 -1 4 -4 -6
right_child=-2 -3 3 -5 5 -7
leaf_value=0.16797780874284921 0.017940387958428058 0.16350308163846711 0.13076590468351906 0.148487165598788 0.13144705340798357 0.026569194081578588
leaf_weight=42.321901574730873 42.230909645557404 88.761620610952377 37.004971921443939 55.465300410985947 23.68110628426075 71.874031379818916
leaf_count=155 423 256 181 233 117 616
internal_value=0.113881 0.126482 0.111571 0.0980534 0.0759974 0.0536529
internal_weight=361.34 319.109 230.347 188.025 132.56 95.5551
internal_count=1981 1558 1302 1147 914 733
is_linear=0
shrinkage=0.03


Tree=3
num_leaves=7
num_cat=0
split_feature=34 19 19 4 6 34
split_gain=256.661 218.837 233.28 138.813 104.551 100.837
threshold=6.3038461538461545 0.089494513543367737 -0.050046707127832775 9.6862328386143641 2.524928003624769 12.93933823529412
decision_type=10 8 10 8 2 10
left_child=-1 2 5 -3 -5 -2
right_child=1 3 -4 4 -6 -7
leaf_value=0.12600317736120492 0.11134574673368207 0.14493024619128425 -0.0053075070855046827 0.10507845226860435 -0.0077636065354484522 0.00063190942469377575
leaf_weight=235.43251211196184 37.679569981992245 47.799126915633678 44.254061095416546 17.074819475412372 12.28160013258457 9.1707100421190244
leaf_count=895 179 180 441 77 118 96
internal_value=0.105594 0.0764604 0.0442221 0.113474 0.0591691 0.0901402
internal_weight=403.692 168.26 91.1043 77.1555 29.3564 46.8503
internal_count=1986 1091 716 375 195 275
is_linear=0
shrinkage=0.03


Tree=4
num_leaves=7
num_cat=0
split_feature=34 17 24 34 8 12
split_gain=205.826 161.275 107.508 107.344 114.471 132.645
threshold=12.050000000000002 0.16684337578047023 0.63663419913419916 3.3923076923076927 0.18997186709226591 -0.12085748087110602
decision_type=10 8 2 8 8 8
left_child=2 -2 3 -1 5 -5
right_child=1 -3 -4 4 -6 -7
leaf_value=0.12708124731128687 -0.011496772480332873 0.09189224210987125 0.126092848355291 0.10114093332827338 0.11120474197266821 0.040948038946860658
leaf_weight=54.805821493268013 29.307309001684189 23.991713508963585 106.76132812350988 51.886522963643074 67.264736510813236 94.452661603689194
leaf_count=163 327 142 252 224 241 647
internal_value=0.0919199 0.0358774 0.0997651 0.088864 0.0785119 0.0628318
internal_weight=428.47 53.299 375.171 268.41 213.604 146.339
internal_count=1996 469 1527 1275 1112 871
is_linear=0
shrinkage=0.03


Tree=5
num_leaves=7
num_cat=0
split_feature=34 16 7 11 1 16
split_gain=204.785 160.933 187.137 146.264 106.743 102.555
threshold=6.3038461538461545 0.2254821267949588 -0.060357675111773465 0.27083333333333343 11.693048772580331 -0.046266845557241601
decision_type=10 10 2 2 8 10
left_child=-1 2 5 4 -4 -2
right_child=1 -3 3 -5 -6 -7
leaf_value=0.10106976214118467 0.11883327013064032 0.12769433878991754 0.081682740983415256 0.13719813536474409 -0.002518480272767595 0.024974165758546683
leaf_weight=278.56015708297491 37.514461420476437 25.880477979779243 15.347645640373228 8.2373369485139829 78.864551857113838 15.261717848479746
leaf_count=896 113 66 82 22 703 109
internal_value=0.0848163 0.0593991 0.0472678 0.0232145 0.0119122 0.0926604
internal_weight=459.666 181.106 155.226 102.45 94.2122 52.7762
internal_count=1991 1095 1029 807 785 222
is_linear=0
shrinkage=0.03


Tree=6
num_leaves=7
num_cat=0
split_feature=5 1 14 13 30 32
split_gain=194.742 124.415 129.038 171.444 80.2535 95.1862
threshold=20.500000000000004 11.952605156889616 0.052723744643717547 -0.152243147975163 0.34936552269046761 0.76631205673758884
decision_type=8 10 8 10 10 10
left_child=1 -1 3 -3 -4 -6
right_child=-2 2 4 -5 5 -7
leaf_value=0.098436940553518662 -0.032103103389883647 0.13416942374584809 0.083242518274139393 -0.0091794905793800216 0.0073270410011078606 0.12440482114260683
leaf_weight=190.86714544147253 13.975394591689108 8.3719031885266286 186.9797266498208 37.233696386218071 28.872665517032146 7.0273756980895987
leaf_count=584 136 17 703 322 192 21
internal_value=0.076272 0.0796318 0.0659475 0.0194495 0.0753325 0.0329952
internal_weight=473.328 459.353 268.485 45.6056 222.88 35.9
internal_count=1975 1839 1255 339 916 213
is_linear=0
shrinkage=0.03


Tree=7
num_leaves=7
num_cat=0
split_feature=24 0 20 30 31 19
split_gain=184.946 162.187 185.232 140.156 131.227 128.146
threshold=0.56984799457361768 91.500000000000014 0.4016250973036376 0.29484693877551027 -0.0094410569317178849 0.090118536539585084
decision_type=2 2 8 10 10 10
left_child=1 3 -3 -1 -4 -5
right_child=-2 2 4 5 -6 -7
leaf_value=0.085454524390405268 0.095062029850488505 -0.015174455011162222 0.11714694958380618 0.0047905947840478896 -0.007232425193622727 0.092875867197042578
leaf_weight=162.44613660871983 196.39089297503233 50.15284026414156 21.598616480827332 46.212419554591179 11.361373998224733 20.995134860277176
leaf_count=517 466 476 60 310 86 69
internal_value=0.0720999 0.0574247 0.0211827 0.0703921 0.0753226 0.033266
internal_weight=509.157 312.767 83.1128 229.654 32.96 67.2076
internal_count=1984 1518 622 896 146 379
is_linear=0
shrinkage=0.03


Tree=8
num_leaves=7
num_cat=0
split_feature=24 13 32 5 20 32
split_gain=152.735 173.778 136.628 106.402 113.021 83.2225
threshold=0.63773490710694303 -0.152243147975163 0.21668636721828213 10.500000000000002 0.13883947765909949 0.30750263857044075
decision_type=2 10 10 8 8 10
left_child=1 -1 -3 4 -4 -5
right_child=-2 2 3 5 -6 -7
leaf_value=0.093100916655944305 0.089881558265901079 -0.022650072348592634 0.025810062396230075 0.05101630014046192 0.075753036779994301 -0.011583177821804408
leaf_weight=78.020596534013748 146.84336353838444 25.796397916972637 60.314618051052094 35.358771398663521 134.7947605624795 39.67060649394989
leaf_count=195 278 202 371 201 465 301
internal_value=0.0638014 0.053348 0.0425893 0.0488798 0.0605244 0.0182008
internal_weight=520.799 373.956 295.935 270.139 195.109 75.0294
internal_count=2013 1735 1540 1338 836 502
is_linear=0
shrinkage=0.03


Tree=9
num_leaves=7
num_cat=0
split_feature=14 9 30 10 30 20
split_gain=116.239 207.074 108.601 117.586 105.376 56.7452
threshold=0.05208669386763997 0.1749172185430464 0.33294811030160981 0.077001784027704925 0.46976671006944454 0.093271662502383432
decision_type=8 2 10 2 10 8
left_child=1 4 5 -4 -1 -2
right_child=2 -3 3 -5 -6 -7
leaf_value=-0.013320403541436043 0.047432897048838088 0.086337605064591941 0.075131166082423637 -0.0025104115374376262 0.091534697512542867 0.081168190626611944
leaf_weight=58.461042456328869 58.24638095498085 41.718210525810719 32.477104857563972 36.780657030642033 9.089994862675665 317.19339651614428
leaf_count=494 246 93 97 232 36 795
internal_value=0.062846 0.03464 0.0696834 0.0344493 0.00191886 0.0760743
internal_weight=553.967 109.269 444.698 69.2578 67.551 375.44
internal_count=1993 623 1370 329 530 1041
is_linear=0
shrinkage=0.03


Tree=10
num_leaves=7
num_cat=0
split_feature=0 21 3 16 13 24
split_gain=118.936 100.345 60.3834 72.5275 129.792 56.3404
threshold=83.500000000000014 -0.065588916211467785 5.5000000000000009 0.078191762653703631 -0.10637506106849566 0.63773490710694303
decision_type=2 10 2 10 8 2
left_child=2 -2 -1 4 -4 -3
right_child=1 5 3 -5 -6 -7
leaf_value=0.072243352070482408 0.060407281072361159 -0.0030249854060559436 0.069961740513326376 0.10130720340015417 -0.024206410554522544 0.060260808346990019
leaf_weight=363.71956419944763 72.824532702565193 58.185884982347488 25.032568827271461 12.582311429083346 25.898051276803017 15.151167087256907
leaf_count=935 300 462 58 17 166 46
internal_value=0.0594514 0.0357008 0.0674744 0.0394675 0.0225335 0.0106844
internal_weight=573.394 146.162 427.232 63.5129 50.9306 73.3371
internal_count=1984 808 1176 241 224 508
is_linear=0
shrinkage=0.03


Tree=11
num_leaves=7
num_cat=0
split_feature=0 15 28 4 31 1
split_gain=125.816 135.906 90.572 70.4707 70.1395 64.0713
threshold=91.500000000000014 -0.047170885710990672 15.500000000000002 10.534359995057217 -0.0055223776331574234 11.931372087095923
decision_type=2 10 8 8 10 8
left_child=-1 2 3 -2 -4 -3
right_child=1 5 4 -5 -6 -7
leaf_value=0.061522323369447532 -0.033879517682491561 0.03092482729540097 0.10182731836345041 0.073162701574904412 0.022512940605321431 -0.033276056470608759
leaf_weight=450.49064287543297 14.582263559103014 22.506168283522129 32.774125568568707 7.5887156054377547 15.253693170845507 33.639277011156082
leaf_count=1242 112 123 75 13 81 334
internal_value=0.0540925 0.0273257 0.0548535 0.00433534 0.07761 -0.00745001
internal_weight=576.835 126.344 70.1988 22.171 48.0278 56.1454
internal_count=1980 738 281 125 156 457
is_linear=0
shrinkage=0.03


Tree=12
num_leaves=7
num_cat=0
split_feature=5 24 23 24 13 24
split_gain=91.5891 63.897 98.8491 99.9685 57.896 44.0032
threshold=20.500000000000004 0.39697729171413387 0.93876913464542344 0.35448748321882656 0.3903109252067779 0.16535226077812831
decision_type=10 2 8 2 10 2
left_child=1 2 3 4 5 -1
right_child=-2 -3 -4 -5 -6 -7
leaf_value=0.090193144013969537 -0.015559435258265511 0.061633686516177448 0.068568546717225995 -0.03440191631861346 -0.015517438729189793 0.032955004789022108
leaf_weight=16.254129476845264 16.422081038355827 426.21669263392687 62.589678891003132 22.341514222323895 15.266793042421339 48.501925282180309
leaf_count=35 140 1131 142 179 97 252
internal_value=0.0534877 0.0554288 0.0391216 0.0206273 0.0362258 0.0484752
internal_weight=607.593 591.171 164.954 102.364 80.0228 64.7561
internal_count=1976 1836 705 563 384 287
is_linear=0
shrinkage=0.03


Tree=13
num_leaves=7
num_cat=0
split_feature=34 33 1 21 6 11
split_gain=101.457 96.4656 96.8307 98.3314 112.893 57.0588
threshold=6.3038461538461545 0.012666796374661561 11.939535435996136 0.27679825531079943 1.8688348091416842 0.1215211442143853
decision_type=10 8 8 8 2 2
left_child=-1 2 -2 4 -4 -5
right_child=1 -3 3 5 -6 -7
leaf_value=0.05716790692512274 0.068074588365927099 -0.0083680495040311057 0.058200475906165228 0.023786187869183194 -0.027480138758609034 0.091770520311450443
leaf_weight=393.21848593652248 71.805121771991253 43.459963254630566 18.93260145932436 24.673050105571747 44.283993892371655 20.76460025459528
leaf_count=913 196 278 74 109 386 41
internal_value=0.0479577 0.0316017 0.0412206 0.023015 -0.00131311 0.0561616
internal_weight=617.138 223.919 180.459 108.654 63.2166 45.4377
internal_count=1997 1084 806 610 460 150
is_linear=0
shrinkage=0.03


Tree=14
num_leaves=7
num_cat=0
split_feature=24 22 34 7 33 7
split_gain=88.9639 90.8384 132.328 72.4042 80.3872 68.9983
threshold=0.56984799457361768 0.80160143723679644 10.905462184873953 -0.1318272095332671 -0.013465463108320251 -0.084072881489044196
decision_type=2 2 8 2 8 2
left_child=1 2 3 -1 -5 -6
right_child=-2 -3 -4 4 5 -7
leaf_value=0.075751214451797264 0.060419172611012109 0.061354663088837712 -0.016011269835542456 -0.0023115643561204321 -0.017117582225582909 0.048323717292298306
leaf_weight=36.808763287961483 238.87965855002403 100.42831016331911 50.023805320262909 51.343535780906677 15.788368932902811 131.02065396308899
leaf_count=64 454 243 432 258 90 428
internal_value=0.0459543 0.0368558 0.028038 0.0374443 0.0299838 0.0412177
internal_weight=624.293 385.413 284.985 234.961 198.153 146.809
internal_count=1969 1515 1272 840 776 518
is_linear=0
shrinkage=0.03


Tree=15
num_leaves=7
num_cat=0
split_feature=24 14 32 16 24 19
split_gain=81.6949 95.5674 66.5531 47.7132 57.2197 56.7656
threshold=0.39697729171413387 0.052723744643717547 0.47871376811594207 0.20913487131007388 0.34835409051938099 -0.034340670246531931
decision_type=2 8 8 8 2 10
left_child=1 -1 3 4 5 -3
right_child=-2 2 -4 -5 -6 -7
leaf_value=-0.01717121180188429 0.050637129899364898 0.072776527657647458 -0.004006170289661176 0.064636338015408953 -0.034077516930172871 -0.00031850618248523008
leaf_weight=35.522579424083233 469.46569076180458 21.487826965749264 27.788657933473587 63.861731767654419 10.809919916093348 16.620707988739014
leaf_count=301 1197 46 153 121 77 98
internal_value=0.044082 0.0264184 0.0374773 0.047644 0.0246106 0.0417038
internal_weight=645.557 176.091 140.569 112.78 48.9185 38.1085
internal_count=1993 796 495 342 221 144
is_linear=0
shrinkage=0.03


Tree=16
num_leaves=7
num_cat=0
split_feature=5 24 23 24 10 12
split_gain=101.241 62.8192 119.047 55.2552 49.4773 47.3661
threshold=20.500000000000004 0.39697729171413387 0.87835490055116228 0.16535226077812831 0.12358406516482119 -0.0099189717435872998
decision_type=10 2 8 2 2 8
left_child=1 2 3 -1 5 -5
right_child=-2 -3 -4 4 -6 -7
leaf_value=0.051714684765864966 -0.03316225942605739 0.048694853443410666 0.054964339787243445 0.033898797758415623 -0.03544413190372328 -0.033103241503094898
leaf_weight=16.469990685582161 15.393285371363161 466.0800693705678 73.277830727398396 29.817503325641155 31.531989328563213 12.807630330324171
leaf_count=48 145 1141 161 137 238 109
internal_value=0.0411854 0.0430518 0.0268071 0.00368871 -0.00752383 0.0134693
internal_weight=645.378 629.985 163.905 90.6271 74.1571 42.6251
internal_count=1979 1834 693 532 484 246
is_linear=0
shrinkage=0.03


Tree=17
num_leaves=7
num_cat=0
split_feature=24 24 15 33 8 32
split_gain=84.3313 115.762 79.1753 43.8359 43.3418 40.5554
threshold=0.41209491145796884 0.26997810618500279 -0.20382226469182982 1.0000000180025095e-35 0.17356654143328157 0.77459677419354855
decision_type=2 2 10 10 8 10
left_child=1 3 4 -1 -3 -2
right_child=5 2 -4 -5 -6 -7
leaf_value=0.05566636578289462 0.043867992041934416 -0.0018266742013408385 -0.021382496675634851 0.0060766890951738945 0.062301661500864636 0.089387295454730537
leaf_weight=76.446751236915588 445.13550911843777 17.191475570201874 61.776702277362347 20.568122513592243 20.009149238467216 18.44064162671566
leaf_count=192 1089 93 449 113 30 24
internal_value=0.0388823 0.022212 -0.000666627 0.0453221 0.0333941 0.0458672
internal_weight=659.568 195.992 98.9773 97.0149 37.2006 463.576
internal_count=1990 877 572 305 123 1113
is_linear=0
shrinkage=0.03


Tree=18
num_leaves=7
num_cat=0
split_feature=20 6 23 30 13 30
split_gain=68.0345 75.8117 79.9023 48.0789 46.2068 55.3049
threshold=0.4016250973036376 3.4175922930736511 0.39347517730496456 0.27634392393320967 -0.15919970681875442 0.29484693877551027
decision_type=10 2 10 8 8 10
left_child=1 4 3 -3 -1 -6
right_child=-2 2 -4 -5 5 -7
leaf_value=0.064879628113645921 0.057146219769982583 0.0016660946890896759 -0.022175719194015876 0.07693287510585374 0.039854330417521254 0.014277188497789653
leaf_weight=48.016690105199814 126.66572050750256 14.695766970515253 42.761168219149113 15.007359847426413 312.26591008156538 102.51513443142176
leaf_count=66 242 69 321 20 827 433
internal_value=0.0372981 0.0325033 0.00390948 0.0409614 0.0369624 0.0335824
internal_weight=661.928 535.262 72.4643 29.7031 462.798 414.781
internal_count=1978 1736 410 89 1326 1260
is_linear=0
shrinkage=0.03


Tree=19
num_leaves=7
num_cat=0
split_feature=24 19 34 19 18 23
split_gain=66.5636 81.8512 94.8843 110.958 55.3482 52.6534
threshold=0.63773490710694303 0.089494513543367737 4.6794871794871806 -0.11441943265444167 0.016392654302521809 0.55162808567860921
decision_type=2 8 10 10 10 10
left_child=1 2 5 4 -4 -1
right_child=-2 -3 3 -5 -6 -7
leaf_value=0.053855329271624487 0.051461210749698283 0.042099497415940726 0.059055089976555362 -0.016819927723324704 -0.012955404599651981 0.007214015785232614
leaf_weight=70.294852942228317 183.45107289403677 252.41471797227859 33.553208127617836 95.317537367343903 12.869788110256193 31.863352231681347
leaf_count=137 266 624 76 688 72 118
internal_value=0.0359569 0.0301341 0.0176297 0.00168698 0.0392395 0.0395188
internal_weight=679.765 496.313 243.899 141.741 46.423 102.158
internal_count=1981 1715 1091 836 148 255
is_linear=0
shrinkage=0.03


Tree=20
num_leaves=7
num_cat=0
split_feature=14 22 17 12 0 16
split_gain=62.7628 136.105 47.2612 50.4654 49.1322 57.1814
threshold=0.05208669386763997 0.31983606557377059 0.28426524324288666 -0.12085748087110602 27.500000000000004 -0.068426564857694702
decision_type=8 2 10 10 2 8
left_child=1 -1 3 -2 -5 -6
right_child=2 -3 -4 4 5 -7
leaf_value=0.048268373912442111 0.045238359651487196 -0.011496979608524372 0.057201373806849733 0.05831364658197629 -0.018932969447015835 0.025876537668583124
leaf_weight=63.856223218142986 223.89582501351833 72.12616378813982 111.99054255336523 32.988267093896866 29.613505862653255 163.42040328681469
leaf_count=144 444 501 173 54 148 534
internal_value=0.0351756 0.0167158 0.0396053 0.0351082 0.0249183 0.0189401
internal_weight=697.891 135.982 561.909 449.918 226.022 193.034
internal_count=1998 645 1353 1180 736 682
is_linear=0
shrinkage=0.03


Tree=21
num_leaves=7
num_cat=0
split_feature=24 0 13 32 30 19
split_gain=74.7421 66.4014 49.8745 57.3128 57.4572 81.9454
threshold=0.63773490710694303 280.50000000000006 -0.1548334048334048 0.21668636721828213 0.29245187304890746 0.079835972196425339
decision_type=2 2 8 8 10 10
left_child=1 2 -1 -4 -5 -6
right_child=-2 -3 3 4 5 -7
leaf_value=0.056955868892945197 0.049040069890436334 -0.015194347892593581 -0.015875173892138467 0.036664093541350064 -0.0067758663085553993 0.04467683409495176
leaf_weight=54.141183227300644 197.550292275846 30.705259915441275 26.530556134879589 277.34329082816839 77.244299724698067 42.383739911019802
leaf_count=76 268 256 138 758 406 104
internal_value=0.0333457 0.0271624 0.0299113 0.0263279 0.0291812 0.0116729
internal_weight=705.899 508.348 477.643 423.502 396.971 119.628
internal_count=2006 1738 1482 1406 1268 510
is_linear=0
shrinkage=0.03


Tree=22
num_leaves=7
num_cat=0
split_feature=6 13 14 28 30 22
split_gain=64.9943 49.0502 49.6095 61.8857 40.6767 82.4631
threshold=3.4175922930736511 0.038494707519788958 0.06834996299886141 8.5000000000000018 0.32826518703548252 0.31983606557377059
decision_type=2 10 8 10 10 2
left_child=4 2 3 -2 -1 -6
right_child=1 -3 -4 -5 5 -7
leaf_value=0.039795093809075234 0.05784244616974972 -0.0193522560723925 0.047267032588377042 -0.035267506510049014 0.049918622677509648 -0.00063693817062744336
leaf_weight=492.31076833605766 8.4637096375226992 33.792891815304756 36.522936023771763 19.039006806910038 48.043034292757511 71.12596870213747
leaf_count=1086 13 224 71 162 81 338
internal_value=0.0323449 0.00952205 0.0248252 -0.0055897 0.0359744 0.0199904
internal_weight=709.298 97.8185 64.0257 27.5027 611.48 119.169
internal_count=1975 470 246 175 1505 419
is_linear=0
shrinkage=0.03


Tree=23
num_leaves=7
num_cat=0
split_feature=24 14 13 5 20 1
split_gain=50.7049 57.8679 114.495 58.9994 42.8115 72.0252
threshold=0.63773490710694303 0.052723744643717547 -0.13943644347371051 6.5000000000000009 0.096057418801246061 11.635125074149336
decision_type=2 8 10 10 8 10
left_child=1 2 -1 -4 5 -3
right_child=-2 4 3 -5 -6 -7
leaf_value=0.060173849503265688 0.044084213923072123 0.069865429084638511 0.031152289199674839 -0.025933097965367226 0.035348275231135949 -0.0061904645104726985
leaf_weight=25.877325668931007 194.69814650714397 13.029828406870363 21.157742455601692 61.110408745706081 346.905597679317 55.037899494171143
leaf_count=33 269 15 76 472 845 271
internal_value=0.0309609 0.0260018 0.0063847 -0.0110541 0.0310865 0.00916925
internal_weight=717.817 523.119 108.145 82.2682 414.973 68.0677
internal_count=1981 1712 581 548 1131 286
is_linear=0
shrinkage=0.03


Tree=24
num_leaves=7
num_cat=0
split_feature=5 1 6 1 9 12
split_gain=77.6463 45.1533 53.9202 64.0116 52.1085 71.8123
threshold=20.500000000000004 11.952605156889616 3.0677824455408698 12.181313648788707 0.21866461748633884 -0.16852734572384123
decision_type=8 10 2 10 2 10
left_child=1 -1 3 -3 5 -4
right_child=-2 2 4 -5 -6 -7
leaf_value=0.040314425406065862 -0.034113946154120688 -0.0026464361561505403 0.032646467834782832 0.035936765559254992 0.042756271677627515 -0.030284141237093214
leaf_weight=297.72034300118685 15.907512344419954 44.744540564715862 24.137711994349957 279.33672196418047 23.046248689293861 45.666672144085169
leaf_count=573 148 172 69 675 32 330
internal_value=0.0298743 0.0313443 0.0248578 0.030618 0.00464062 -0.00836957
internal_weight=730.56 714.652 416.932 324.081 92.8506 69.8044
internal_count=1999 1851 1278 847 431 399
is_linear=0
shrinkage=0.03


Tree=25
num_leaves=7
num_cat=0
split_feature=5 20 28 24 33 1
split_gain=51.8339 57.4709 60.5823 54.0413 42.7629 37.9916
threshold=11.500000000000002 0.0979274813203624 10.500000000000002 0.4020843204611862 0.012666796374661561 11.822503132890278
decision_type=10 8 8 2 10 10
left_child=1 2 -1 -2 5 -5
right_child=3 -3 -4 4 -6 -7
leaf_value=0.032146232719292601 -0.018983899988054317 0.037212316644639601 -0.01368868290253075 0.052134635624228952 -0.013265077593914244 0.010175732941025729
leaf_weight=59.408436842262745 35.830898836255074 489.41648473963141 44.730658989399672 43.538372188806534 21.776681177318096 35.488745801150799
leaf_count=156 282 999 234 70 99 139
internal_value=0.0290723 0.0329077 0.0125159 0.0122931 0.0234879 0.0336547
internal_weight=730.19 593.556 104.139 136.635 100.804 79.0271
internal_count=1979 1389 390 590 308 209
is_linear=0
shrinkage=0.03


Tree=26
num_leaves=7
num_cat=0
split_feature=34 1 2 30 31 16
split_gain=46.4134 88.463 65.3786 44.9886 56.1031 89.8944
threshold=4.6794871794871806 11.911453227526488 0.021699890127138601 0.59476235073153416 -0.0059064151601648232 -0.057065823113303632
decision_type=10 8 10 10 8 10
left_child=-1 -2 3 4 -3 -6
right_child=1 2 -4 -5 5 -7
leaf_value=0.036476210620141933 0.039195986533124214 0.02596547610904908 -0.02449659083890731 0.061909580139914357 0.023276351409995368 -0.037284065046610824
leaf_weight=311.81692665815353 151.87038122117519 119.0405407436192 39.934813000261784 17.322750441730022 45.264932479709387 41.195414751768112
leaf_count=545 330 361 239 32 143 317
internal_value=0.0277058 0.0210382 0.0104344 0.0167763 0.0126904 -0.005675
internal_weight=726.446 414.629 262.758 222.824 205.501 86.4603
internal_count=1967 1422 1092 853 821 460
is_linear=0
shrinkage=0.03


Tree=27
num_leaves=7
num_cat=0
split_feature=14 22 32 30 27 20
split_gain=54.5449 85.0036 50.9825 39.8173 71.6624 31.327
threshold=0.052723744643717547 0.31983606557377059 0.66915422885572151 0.33294811030160981 0.075614636935391666 0.08531026526432392
decision_type=8 2 10 10 2 10
left_child=1 -1 -3 -2 5 -5
right_child=3 2 -4 4 -6 -7
leaf_value=0.034697995658769125 0.034290604494427793 -0.022860655486844298 0.046997395590964101 -0.0070321744692556096 -0.027563990103590025 0.039010760263587713
leaf_weight=63.652102626860142 503.59852269291878 61.94798181578517 10.09728432446718 16.847527012228966 27.102925673127174 57.608589075505733
leaf_count=140 1018 454 30 69 147 118
internal_value=0.0269797 0.00969887 -0.0125605 0.0308323 0.0135164 0.0286373
internal_weight=740.855 135.697 72.0453 605.158 101.559 74.4561
internal_count=1976 624 484 1352 334 187
is_linear=0
shrinkage=0.03


Tree=28
num_leaves=7
num_cat=0
split_feature=24 12 6 1 4 18
split_gain=45.8584 61.9891 113.215 87.2234 68.8016 36.8509
threshold=0.6631548868906606 -0.16852734572384123 2.8617925509761908 11.658353926807141 8.6884537866512073 0.027645729335734271
decision_type=2 10 2 10 10 10
left_child=1 -1 4 -4 -3 -6
right_child=-2 2 3 -5 5 -7
leaf_value=0.033789502906050074 0.039857215771404025 -0.02032664015136202 0.036968519082424912 -0.029893413683522756 0.018021352031358098 0.042121833877292632
leaf_weight=222.95403349772096 154.86316227912903 27.762471780180931 22.047661654651165 73.544814012944698 128.39719726517797 105.92752712219954
leaf_count=454 192 126 49 528 405 228
internal_value=0.0253286 0.0213918 0.0135912 -0.0142492 0.0237611 0.0290488
internal_weight=735.497 580.634 357.68 95.5925 262.087 234.325
internal_count=1982 1790 1336 577 759 633
is_linear=0
shrinkage=0.03


Tree=29
num_leaves=7
num_cat=0
split_feature=24 20 13 6 1 15
split_gain=54.937 53.6993 61.1019 78.6714 60.8316 65.307
threshold=0.63663419913419916 0.4016250973036376 -0.072386854153811755 2.9174053685313028 12.181313648788707 -0.23447001989201469
decision_type=2 10 10 2 8 10
left_child=1 2 -1 4 5 -4
right_child=-2 -3 3 -5 -6 -7
leaf_value=0.028074129500783428 0.036950228869230418 0.037711968629889722 0.028071660062211779 -0.023730460100973409 0.024131371113781826 -0.039294119000920898
leaf_weight=163.98199048638344 203.67886858433485 104.93272259831429 20.277429446578026 64.698212500661612 144.9873580634594 32.350069977343082
leaf_count=374 272 205 45 469 432 192
internal_value=0.023699 0.0185584 0.0137666 0.0047497 0.0141465 -0.0132986
internal_weight=734.907 531.228 426.295 262.313 197.615 52.6275
internal_count=1989 1717 1512 1138 669 237
is_linear=0
shrinkage=0.03


Tree=30
num_leaves=7
num_cat=0
split_feature=5 24 34 17 10 19
split_gain=40.8513 35.7789 38.0771 43.4633 41.0141 60.0701
threshold=20.500000000000004 0.63773490710694303 3.3923076923076927 0.28426524324288666 0.02865943091815782 -0.11441943265444167
decision_type=8 2 10 10 2 10
left_child=1 2 -1 4 -4 -6
right_child=-2 -3 3 -5 5 -7
leaf_value=0.038185353602333778 -0.019014795609078133 0.037324200992908445 0.033542445746626674 0.038444635975837034 0.021505037106883 -0.0065393044907522506
leaf_weight=111.70931465923786 17.284989152103662 210.19619910418987 73.672223284840584 78.899430342018604 146.07886013388634 128.37407144531608
leaf_count=173 145 265 183 148 380 677
internal_value=0.0257193 0.0267757 0.0225985 0.0184413 0.0138105 0.00841131
internal_weight=766.215 748.93 538.734 427.025 348.125 274.453
internal_count=1971 1826 1561 1388 1240 1057
is_linear=0
shrinkage=0.03


Tree=31
num_leaves=7
num_cat=0
split_feature=5 1 12 6 12 17
split_gain=56.3603 44.2363 55.7808 74.8884 55.3001 45.1953
threshold=20.500000000000004 11.813437085366406 -0.19853469843653407 2.9700856263602158 0.081304151153954632 0.26499686489506252
decision_type=8 8 10 2 10 10
left_child=1 -1 -3 5 -5 -4
right_child=-2 2 3 4 -6 -7
leaf_value=0.034979986869055985 -0.034201180862925555 0.031244765454692992 0.011671304313579158 -0.038070758925524986 0.014688278331205952 0.041937418635777976
leaf_weight=197.36148121953011 15.071157056838272 189.05308325588703 207.67373982444406 41.838730234652758 29.963297117501497 55.991603136062622
leaf_count=343 146 359 661 306 110 78
internal_value=0.02165 0.0228617 0.0182441 0.0108464 -0.0161548 0.0182327
internal_weight=736.953 721.882 524.52 335.467 71.802 263.665
internal_count=2003 1857 1514 1155 416 739
is_linear=0
shrinkage=0.03


Tree=32
num_leaves=7
num_cat=0
split_feature=24 32 1 20 23 15
split_gain=40.6117 57.2719 53.3643 40.2848 49.1926 39.6656
threshold=0.63773490710694303 0.24976837554045708 11.527094490188668 0.093271662502383432 0.40214203894616268 -0.1793825276357037
decision_type=2 8 10 8 10 10
left_child=1 2 -1 4 -3 -6
right_child=-2 3 -4 -5 5 -7
leaf_value=0.029512420942076428 0.03287839291457368 0.031230899321297689 -0.02385145519253035 0.024940734757441393 0.029746465234442993 -0.029877300509091716
leaf_weight=23.65269123762846 196.81467475742102 31.312352646142244 52.56933494284749 384.17987309396267 12.374650731682776 40.405369874089956
leaf_count=52 266 80 311 970 37 285
internal_value=0.021191 0.0169139 -0.00712421 0.0208335 0.00199679 -0.0156049
internal_weight=741.309 544.494 76.222 468.272 84.0924 52.78
internal_count=2001 1735 363 1372 402 322
is_linear=0
shrinkage=0.03


Tree=33
num_leaves=7
num_cat=0
split_feature=34 1 13 6 19 20
split_gain=43.1857 60.8423 56.6361 45.98 51.3711 42.9964
threshold=4.6794871794871806 11.939535435996136 -0.152243147975163 2.4414009612931857 -0.17661761513453267 0.031508329458949567
decision_type=10 8 10 2 10 10
left_child=-1 -2 -3 5 -5 -4
right_child=1 2 3 4 -6 -7
leaf_value=0.029947285834593322 0.030051060808951761 0.036197306000097074 -0.020661748378386503 0.019799874187981292 -0.027274277665089261 0.022817500200215102
leaf_weight=334.19387543201447 159.2968836016953 46.733490958809853 25.585870280861855 27.963420085608959 74.807095259428024 89.69551058858633
leaf_count=561 355 81 107 85 539 262
internal_value=0.0218749 0.015458 0.00659873 0.000118796 -0.0143982 0.0130729
internal_weight=758.276 424.082 264.785 218.052 102.771 115.281
internal_count=1990 1429 1074 993 624 369
is_linear=0
shrinkage=0.03


Tree=34
num_leaves=7
num_cat=0
split_feature=5 29 4 34 24 20
split_gain=39.2744 51.7965 41.0375 29.324 44.4549 38.2241
threshold=13.500000000000002 1.0000000180025095e-35 8.3782739844389535 3.4226190476190479 0.6631548868906606 0.068166806634075081
decision_type=8 10 10 8 2 8
left_child=3 2 -2 -1 5 -5
right_child=1 -3 -4 4 -6 -7
leaf_value=0.036764681786741985 0.019283465457907583 0.035607219877224164 -0.026369365787125284 -0.008813336152139634 0.037541565506387792 0.019783520446247413
leaf_weight=141.36038510501385 27.63874864205718 32.88860821723938 45.758341267704964 47.177018355578184 115.84617984294891 352.23868550360203
leaf_count=186 78 80 312 244 131 950
internal_value=0.0218745 0.00490229 -0.00915 0.0246101 0.0212107 0.0163922
internal_weight=762.908 106.286 73.3971 656.622 515.262 399.416
internal_count=1981 470 390 1511 1325 1194
is_linear=0
shrinkage=0.03


Tree=35
num_leaves=7
num_cat=0
split_feature=17 19 19 34 6 14
split_gain=33.9855 38.3418 52.3615 48.0313 52.6983 65.0501
threshold=0.33372980889500525 -0.086959706297202718 -0.06796232338655131 4.4330357142857153 2.3502401828962087 0.066713427155587174
decision_type=10 10 10 8 2 10
left_child=1 -1 -3 -4 5 -5
right_child=-2 2 3 4 -6 -7
leaf_value=0.025559749164260862 0.037009134163316318 -0.039796297175003055 0.031247877985408276 0.042318996368793806 -0.01191952084913752 -0.0083617744652659757
leaf_weight=376.72458174452186 114.69843705743551 16.265423852950335 94.942673340439796 52.052409648895264 86.03369165584445 39.467919826507568
leaf_count=756 163 97 158 125 549 144
internal_value=0.0219112 0.0192574 0.0109754 0.0141404 0.00486879 0.0206089
internal_weight=780.185 665.487 288.762 272.497 177.554 91.5203
internal_count=1992 1829 1073 976 818 269
is_linear=0
shrinkage=0.03


Tree=36
num_leaves=7
num_cat=0
split_feature=24 32 1 22 32 17
split_gain=38.5809 52.1047 55.529 61.6128 51.6451 66.5081
threshold=0.63663419913419916 0.24976837554045708 11.527094490188668 0.93527440301633857 0.34118625277161868 0.1440057709625949
decision_type=2 10 10 2 10 10
left_child=1 2 -1 -4 -3 -6
right_child=-2 4 3 -5 5 -7
leaf_value=0.026415644753016353 0.029855556080080031 0.029560706522602828 -0.040079608386228344 0.040279187467052377 -0.0041906711199793563 0.026356265582490147
leaf_weight=27.699212029576302 203.55257265269756 206.0667974986136 44.21786929294467 9.7464841455221158 143.83378580957651 114.45125854387879
leaf_count=57 273 490 301 13 586 259
internal_value=0.0187093 0.0145071 -0.00751657 -0.0250973 0.0183881 0.00939473
internal_weight=749.568 546.015 81.6636 53.9644 464.352 258.285
internal_count=1979 1706 371 314 1335 845
is_linear=0
shrinkage=0.03


Tree=37
num_leaves=7
num_cat=0
split_feature=34 25 16 7 26 1
split_gain=36.0817 52.2533 46.0397 52.9018 42.9394 46.9671
threshold=6.2583333333333337 0.0030452061599602585 0.26790572012357888 -0.060357675111773465 0.14589665653495443 12.508670388326037
decision_type=10 10 10 2 10 10
left_child=-1 2 3 -2 5 -5
right_child=1 -3 -4 4 -6 -7
leaf_value=0.023817098162158063 0.026908031130642503 -0.037577713249664156 0.04231493288958256 0.0029057826446531308 0.046077902496273533 -0.037239711595622886
leaf_weight=481.1329443603754 84.234231747686863 18.21711740642786 41.605110757052898 92.093441050499678 13.438280966132877 35.60173611342907
leaf_count=896 197 127 53 395 42 285
internal_value=0.0188056 0.0102971 0.013692 0.0082443 -0.00300593 -0.00848928
internal_weight=766.323 285.19 266.973 225.368 141.133 127.695
internal_count=1995 1099 972 919 722 680
is_linear=0
shrinkage=0.03


Tree=38
num_leaves=7
num_cat=0
split_feature=14 22 32 30 22 18
split_gain=34.5246 85.6203 48.2714 43.2149 53.2628 40.6768
threshold=0.05208669386763997 0.31983606557377059 0.66915422885572151 0.33294811030160981 0.62175608444265162 0.1565211537795512
decision_type=8 2 10 10 2 8
left_child=1 -1 -3 -2 5 -5
right_child=3 2 -4 4 -6 -7
leaf_value=0.02865485886397184 0.02533605475208207 -0.02826309239151582 0.037828590642163006 0.028984728031751103 -0.029796896477799047 -0.025538031276517627
leaf_weight=71.038831356912851 540.67413228750229 59.890002217143774 10.98790208250284 57.636157542467117 28.96628775447607 14.755537487566469
leaf_count=142 1057 453 30 122 151 58
internal_value=0.019014 0.00557533 -0.0176334 0.0219712 0.00394972 0.0176749
internal_weight=783.949 141.917 70.8779 642.032 101.358 72.3917
internal_count=2013 625 483 1388 331 180
is_linear=0
shrinkage=0.03


end of trees

feature_importances:
f_ind_contract_end_pct=27
f_lvl_avg_sales_log=18
f_struct_stores_per_region=18
f_trd_sales_per_area_mean=13
f_trd_sales_per_area_std=11
f_struct_region_hhi=11
f_struct_top_region_share=11
f_lvl_biz_age=10
f_lvl_emp_cnt_log=10
f_trd_store_growth_mean=10
f_trd_store_growth_std=10
f_trd_sales_growth_std=8
f_chg_sales_per_area_growth=7
f_trd_sales_growth_mean=7
f_ind_store_growth_pct=7
f_lvl_n_stores=5
f_chg_store_growth=5
f_ind_real_sales_growth_pct=5
f_lvl_sales_per_area_log=4
f_chg_sales_growth=4
f_trd_store_growth_slope=4
f_struct_region_hhi_chg=4
f_struct_top_region_share_chg=4
f_chg_new_open_rate=3
f_trd_sales_growth_slope=3
f_struct_n_regions=3
f_chg_contract_end_rate=2
f_chg_name_change_rate=2
f_trd_sales_per_area_slope=2
f_lvl_direct_ratio=1
f_lvl_brand_age=1
f_struct_direct_ratio_chg=1
f_struct_direct_growth=1
f_struct_open_close_gap=1
f_struct_n_regions_chg=1

parameters:
[boosting: gbdt]
[objective: binary]
[metric: auc,binary_logloss]
[tree_learner: serial]
[device_type: cpu]
[data_sample_strategy: bagging]
[data: ]
[valid: ]
[num_iterations: 500]
[learning_rate: 0.03]
[num_leaves: 7]
[num_threads: 4]
[seed: 42]
[deterministic: 0]
[force_col_wise: 0]
[force_row_wise: 0]
[histogram_pool_size: -1]
[max_depth: -1]
[min_data_in_leaf: 40]
[min_sum_hessian_in_leaf: 0.001]
[bagging_fraction: 0.9]
[pos_bagging_fraction: 1]
[neg_bagging_fraction: 1]
[bagging_freq: 1]
[bagging_seed: 400]
[bagging_by_query: 0]
[feature_fraction: 0.9]
[feature_fraction_bynode: 1]
[feature_fraction_seed: 30056]
[extra_trees: 0]
[extra_seed: 12879]
[early_stopping_round: 0]
[early_stopping_min_delta: 0]
[first_metric_only: 0]
[max_delta_step: 0]
[lambda_l1: 0]
[lambda_l2: 1]
[linear_lambda: 0]
[min_gain_to_split: 0]
[drop_rate: 0.1]
[max_drop: 50]
[skip_drop: 0.5]
[xgboost_dart_mode: 0]
[uniform_drop: 0]
[drop_seed: 17869]
[top_rate: 0.2]
[other_rate: 0.1]
[min_data_per_group: 100]
[max_cat_threshold: 32]
[cat_l2: 10]
[cat_smooth: 10]
[max_cat_to_onehot: 4]
[top_k: 20]
[monotone_constraints: ]
[monotone_constraints_method: basic]
[monotone_penalty: 0]
[feature_contri: ]
[forcedsplits_filename: ]
[refit_decay_rate: 0.9]
[cegb_tradeoff: 1]
[cegb_penalty_split: 0]
[cegb_penalty_feature_lazy: ]
[cegb_penalty_feature_coupled: ]
[path_smooth: 0]
[interaction_constraints: ]
[verbosity: -1]
[saved_feature_importance_type: 0]
[use_quantized_grad: 0]
[num_grad_quant_bins: 4]
[quant_train_renew_leaf: 0]
[stochastic_rounding: 1]
[linear_tree: 0]
[max_bin: 255]
[max_bin_by_feature: ]
[min_data_in_bin: 3]
[bin_construct_sample_cnt: 200000]
[data_random_seed: 175]
[is_enable_sparse: 1]
[enable_bundle: 1]
[use_missing: 1]
[zero_as_missing: 0]
[feature_pre_filter: 1]
[pre_partition: 0]
[two_round: 0]
[header: 0]
[label_column: ]
[weight_column: ]
[group_column: ]
[ignore_column: ]
[categorical_feature: ]
[forcedbins_filename: ]
[precise_float_parser: 0]
[parser_config_file: ]
[objective_seed: 16083]
[num_class: 1]
[is_unbalance: 1]
[scale_pos_weight: 1]
[sigmoid: 1]
[boost_from_average: 1]
[reg_sqrt: 0]
[alpha: 0.9]
[fair_c: 1]
[poisson_max_delta_step: 0.7]
[tweedie_variance_power: 1.5]
[lambdarank_truncation_level: 30]
[lambdarank_norm: 1]
[label_gain: ]
[lambdarank_position_bias_regularization: 0]
[eval_at: ]
[multi_error_top_k: 1]
[auc_mu_weights: ]
[num_machines: 1]
[local_listen_port: 12400]
[time_out: 120]
[machine_list_filename: ]
[machines: ]
[gpu_platform_id: -1]
[gpu_device_id: -1]
[gpu_device_id_list: ]
[gpu_use_dp: 0]
[num_gpu: 1]

end of parameters

pandas_categorical:[]
